2	5.1522536312498479205e-02	5.1522539709379033823e-02	5.1522539709379006068e-02
4	1.3184769188322453815e-02	1.3184766261520042274e-02	1.3184766261519973780e-02
8	3.3307089791707600313e-03	3.3307519147657282943e-03	3.3307519147656120407e-03
16	8.4570085457910670890e-04	8.4567321035669551499e-04	8.4567321035667757144e-04
32	2.1156703881372584952e-04	2.1149526332983614729e-04	2.1149526332966649676e-04
64	5.2844235824689445025e-05	5.2878627178093440264e-05	5.2878627178609439183e-05
128	1.3821038123478998627e-05	1.3221236621249396470e-05	1.3221236621849475268e-05
256	4.8294053487385468770e-06	3.3053780550624037304e-06	3.3053780565620450704e-06
512	3.5073663979283062342e-06	8.2635259928895421488e-07	8.2635259141049070830e-07
1024	6.6237788009194595307e-06	2.0658822169269952518e-07	2.0658822123554567915e-07
